  0    0       NOP

  1   32      
  2  229      
  3   192      
  4  238      
  5   16      
  6  247      
  7   32      
  8  230      
  9   192      
 10  241      
 11   48      
 12  247      
 13   16      
 14  247      
 15   32      
 16  231      
 17   192      
 18  244      
 19   48      
 20  247      
 21   16      
 22  247      
 23   32      
 24  229      
 25   192      
 26  239      
 27   16      
 28  248      
 29   32      
 30  230      
 31   192      
 32  242      
 33   48      
 34  248      
 35   16      
 36  248      
 37   32      
 38  231      
 39   192      
 40  245      
 41   48      
 42  248      
 43   16      
 44  248      
 45   32      
 46  229      
 47   192      
 48  240      
 49   16      
 50  249      
 51   32      
 52  230      
 53   192      
 54  243      
 55   48      
 56  249      
 57   16      
 58  249      
 59   32      
 60  231      
 61   192      
 62  246      
 63   48      
 64  249      
 65   16      
 66  249      
 67   32      
 68  232      
 69   192      
 70  238      
 71   16      
 72  250      
 73   32      
 74  233      
 75   192      
 76  241      
 77   48      
 78  250      
 79   16      
 80  250      
 81   32      
 82  234      
 83   192      
 84  244      
 85   48      
 86  250      
 87   16      
 88  250      
 89   32      
 90  232      
 91   192      
 92  239      
 93   16      
 94  251      
 95   32      
 96  233      
 97   192      
 98  242      
 99   48      
100  251      
101   16      
102  251      
103   32      
104  234      
105   192      
106  245      
107   48      
108  251      
109   16      
110  251      
111   32      
112  232      
113   192      
114  240      
115   16      
116  252      
117   32      
118  233      
119   192      
120  243      
121   48      
122  252      
123   16      
124  252      
125   32      
126  234      
127   192      
128  246      
129   48      
130  252      
131   16      
132  252      
133   32      
134  235      
135   192      
136  238      
137   16      
138  253      
139   32      
140  236      
141   192      
142  241      
143   48      
144  253      
145   16      
146  253      
147   32      
148  237      
149   192      
150  244      
151   48      
152  253      
153   16      
154  253      
155   32      
156  235      
157   192      
158  239      
159   16      
160  254      
161   32      
162  236      
163   192      
1192  242      
165   48      
166  254      
167   16      
168  254      
169   32      
170  237      
171   192      
172  245      
173   48      
174  254      
175   16      
176  254      
177   32      
178  235      
179   192      
180  240      
181   16      
182  255      
183   32      
184  236      
185   192      
186  243      
187   48      
188  255      
189   16      
190  255      
191   32      
192  237      
193   192      
194  246      
195   48      
196  255      
197   16      
198  255      
199  240      
200    0      
201    0      
202    0      
203    0      
204    0      
205    0      
206    0      
207    0      
208    0      
209    0      
210    0      
211    0      
212    0      
213    0      
214    0      
215    0      
216    0      
217    0      
218    0      
219    0      
220    0      
221    0      
222    0      
223    0      
224    0      
225    0      
226    0      
227    0      
228    0      
229    1      
230    2      
231    3      
232    1      
233    2      
234    3      
235    1      
236    2      
237    3      
238    4      
239    5      
240    6      
241    4      
242    5      
243    6      
244    4      
245    5      
246    6      
247    0      
248    0      
249    0      
250    0      
251    0      
252    0      
253    0      
254    0      
255    0      
